{
 "cells": [
  {
   "cell_type": "code",
   "execution_count": 18,
   "metadata": {},
   "outputs": [],
   "source": [
    "import numpy as np\n",
    "import random\n",
    "from qpsolvers import solve_qp\n",
    "import matplotlib.pyplot as plt"
   ]
  },
  {
   "cell_type": "code",
   "execution_count": 21,
   "metadata": {},
   "outputs": [],
   "source": [
    "# Replace with actual digits from registration number\n",
    "dig1 = 0\n",
    "dig2 = 0\n",
    "dummyrepetitions = 10 * dig1 + dig2\n",
    "\n",
    "# Parameters\n",
    "n = 10\n",
    "random.seed(42)\n",
    "\n",
    "# Generate data\n",
    "for _ in range(dummyrepetitions):\n",
    "    dummy = random.uniform(0, 1)\n",
    "\n",
    "Corr = np.array([[0] * n for _ in range(n)], dtype=float)\n",
    "for i in range(n):\n",
    "    for j in range(n):\n",
    "        Corr[i][j] = (-1) ** abs(i - j) / (abs(i - j) + 1)\n",
    "\n",
    "ssigma = np.zeros((n, 1), dtype=float)\n",
    "mmu = np.zeros((n, 1), dtype=float)\n",
    "\n",
    "ssigma[0] = 2\n",
    "mmu[0] = 3\n",
    "\n",
    "for i in range(n - 1):\n",
    "    ssigma[i + 1] = ssigma[i] + 2 * random.uniform(0, 1)\n",
    "    mmu[i + 1] = mmu[i] + 1\n",
    "\n",
    "ddiag = np.zeros((n, n), dtype=float)\n",
    "np.fill_diagonal(ddiag, ssigma.flatten())\n",
    "C2 = np.matmul(np.matmul(ddiag, Corr), ddiag)\n",
    "\n",
    "# Ensure C is positive semi-definite\n",
    "C = 0.5 * (C2 + C2.T)\n",
    "eigvals = np.linalg.eigvals(C)\n",
    "if np.any(eigvals < 0):\n",
    "    C -= np.min(eigvals) * np.eye(n)\n",
    "\n",
    "# μ is the expected returns vector\n",
    "mu = mmu.flatten()"
   ]
  },
  {
   "cell_type": "code",
   "execution_count": 22,
   "metadata": {},
   "outputs": [
    {
     "name": "stdout",
     "output_type": "stream",
     "text": [
      "Solving for r = 2.0\n",
      "P: [[  4.          -3.2788536    2.21925007  -1.93946687   1.73014209\n",
      "   -1.93276588   2.04334189  -2.23401394   2.02442965  -1.99075541]\n",
      " [ -3.2788536   10.75088091  -5.45744706   4.23948529  -3.54555163\n",
      "    3.80235382  -3.9082277    4.18571694  -3.73376725   3.62633086]\n",
      " [  2.21925007  -5.45744706  11.08140948  -6.45624299   4.79952244\n",
      "   -4.82545218   4.76142097  -4.9578356    4.33226152  -4.14186009]\n",
      " [ -1.93946687   4.23948529  -6.45624299  15.04612699  -8.38888316\n",
      "    7.4970708   -6.93523934   6.93247364  -5.88947136   5.51572025]\n",
      " [  1.73014209  -3.54555163   4.79952244  -8.38888316  18.70869778\n",
      "  -12.5398485   10.31120944  -9.66290386   7.88073962  -7.1756036 ]\n",
      " [ -1.93276588   3.80235382  -4.82545218   7.4970708  -12.5398485\n",
      "   33.62025562 -20.73383286  17.2713037  -13.20552639  11.54299243]\n",
      " [  2.04334189  -3.9082277    4.76142097  -6.93523934  10.31120944\n",
      "  -20.73383286  51.1467646  -31.9539799   21.71716004 -17.79659845]\n",
      " [ -2.23401394   4.18571694  -4.9578356    6.93247364  -9.66290386\n",
      "   17.2713037  -31.9539799   79.85309253 -40.70343652  29.64916895]\n",
      " [  2.02442965  -3.73376725   4.33226152  -5.88947136   7.88073962\n",
      "  -13.20552639  21.71716004 -40.70343652  82.99088699 -45.33912318]\n",
      " [ -1.99075541   3.62633086  -4.14186009   5.51572025  -7.1756036\n",
      "   11.54299243 -17.79659845  29.64916895 -45.33912318  99.07767783]]\n",
      "q: [0. 0. 0. 0. 0. 0. 0. 0. 0. 0.]\n",
      "G: [[-1. -0. -0. -0. -0. -0. -0. -0. -0. -0.]\n",
      " [-0. -1. -0. -0. -0. -0. -0. -0. -0. -0.]\n",
      " [-0. -0. -1. -0. -0. -0. -0. -0. -0. -0.]\n",
      " [-0. -0. -0. -1. -0. -0. -0. -0. -0. -0.]\n",
      " [-0. -0. -0. -0. -1. -0. -0. -0. -0. -0.]\n",
      " [-0. -0. -0. -0. -0. -1. -0. -0. -0. -0.]\n",
      " [-0. -0. -0. -0. -0. -0. -1. -0. -0. -0.]\n",
      " [-0. -0. -0. -0. -0. -0. -0. -1. -0. -0.]\n",
      " [-0. -0. -0. -0. -0. -0. -0. -0. -1. -0.]\n",
      " [-0. -0. -0. -0. -0. -0. -0. -0. -0. -1.]]\n",
      "h: [0. 0. 0. 0. 0. 0. 0. 0. 0. 0.]\n",
      "A: [[ 3.  4.  5.  6.  7.  8.  9. 10. 11. 12.]\n",
      " [ 1.  1.  1.  1.  1.  1.  1.  1.  1.  1.]]\n",
      "b: [2. 1.]\n"
     ]
    },
    {
     "ename": "SolverNotFound",
     "evalue": "found solvers [] but 'quadprog' is not one of them; if 'quadprog' is listed in https://github.com/qpsolvers/qpsolvers#solvers you can run ``pip install qpsolvers[quadprog]``",
     "output_type": "error",
     "traceback": [
      "\u001b[0;31m---------------------------------------------------------------------------\u001b[0m",
      "\u001b[0;31mKeyError\u001b[0m                                  Traceback (most recent call last)",
      "File \u001b[0;32m/Library/Frameworks/Python.framework/Versions/3.12/lib/python3.12/site-packages/qpsolvers/solve_problem.py:81\u001b[0m, in \u001b[0;36msolve_problem\u001b[0;34m(problem, solver, initvals, verbose, **kwargs)\u001b[0m\n\u001b[1;32m     80\u001b[0m \u001b[38;5;28;01mtry\u001b[39;00m:\n\u001b[0;32m---> 81\u001b[0m     \u001b[38;5;28;01mreturn\u001b[39;00m \u001b[43msolve_function\u001b[49m\u001b[43m[\u001b[49m\u001b[43msolver\u001b[49m\u001b[43m]\u001b[49m(problem, \u001b[38;5;241m*\u001b[39m\u001b[38;5;241m*\u001b[39mkwargs)\n\u001b[1;32m     82\u001b[0m \u001b[38;5;28;01mexcept\u001b[39;00m \u001b[38;5;167;01mKeyError\u001b[39;00m \u001b[38;5;28;01mas\u001b[39;00m e:\n",
      "\u001b[0;31mKeyError\u001b[0m: 'quadprog'",
      "\nThe above exception was the direct cause of the following exception:\n",
      "\u001b[0;31mSolverNotFound\u001b[0m                            Traceback (most recent call last)",
      "Cell \u001b[0;32mIn[22], line 41\u001b[0m\n\u001b[1;32m     38\u001b[0m r_values \u001b[38;5;241m=\u001b[39m np\u001b[38;5;241m.\u001b[39marange(\u001b[38;5;241m2.00\u001b[39m, \u001b[38;5;241m9.25\u001b[39m, \u001b[38;5;241m0.25\u001b[39m)\n\u001b[1;32m     40\u001b[0m \u001b[38;5;66;03m# Solve task 1\u001b[39;00m\n\u001b[0;32m---> 41\u001b[0m sigmas, mus \u001b[38;5;241m=\u001b[39m \u001b[43msolve_task_1\u001b[49m\u001b[43m(\u001b[49m\u001b[43mr_values\u001b[49m\u001b[43m)\u001b[49m\n\u001b[1;32m     43\u001b[0m \u001b[38;5;66;03m# Plot results\u001b[39;00m\n\u001b[1;32m     44\u001b[0m plt\u001b[38;5;241m.\u001b[39mfigure(figsize\u001b[38;5;241m=\u001b[39m(\u001b[38;5;241m10\u001b[39m, \u001b[38;5;241m6\u001b[39m))\n",
      "Cell \u001b[0;32mIn[22], line 24\u001b[0m, in \u001b[0;36msolve_task_1\u001b[0;34m(r_values)\u001b[0m\n\u001b[1;32m     21\u001b[0m \u001b[38;5;28mprint\u001b[39m(\u001b[38;5;124m\"\u001b[39m\u001b[38;5;124mb:\u001b[39m\u001b[38;5;124m\"\u001b[39m, b)\n\u001b[1;32m     23\u001b[0m \u001b[38;5;66;03m# Solve QP problem\u001b[39;00m\n\u001b[0;32m---> 24\u001b[0m x \u001b[38;5;241m=\u001b[39m \u001b[43msolve_qp\u001b[49m\u001b[43m(\u001b[49m\u001b[43mP\u001b[49m\u001b[43m,\u001b[49m\u001b[43m \u001b[49m\u001b[43mq\u001b[49m\u001b[43m,\u001b[49m\u001b[43m \u001b[49m\u001b[43mG\u001b[49m\u001b[43m,\u001b[49m\u001b[43m \u001b[49m\u001b[43mh\u001b[49m\u001b[43m,\u001b[49m\u001b[43m \u001b[49m\u001b[43mA\u001b[49m\u001b[43m,\u001b[49m\u001b[43m \u001b[49m\u001b[43mb\u001b[49m\u001b[43m,\u001b[49m\u001b[43m \u001b[49m\u001b[43msolver\u001b[49m\u001b[38;5;241;43m=\u001b[39;49m\u001b[38;5;124;43m'\u001b[39;49m\u001b[38;5;124;43mquadprog\u001b[39;49m\u001b[38;5;124;43m'\u001b[39;49m\u001b[43m)\u001b[49m\n\u001b[1;32m     25\u001b[0m \u001b[38;5;28;01mif\u001b[39;00m x \u001b[38;5;129;01mis\u001b[39;00m \u001b[38;5;28;01mNone\u001b[39;00m:\n\u001b[1;32m     26\u001b[0m     \u001b[38;5;28mprint\u001b[39m(\u001b[38;5;124mf\u001b[39m\u001b[38;5;124m\"\u001b[39m\u001b[38;5;124mNo solution found for r = \u001b[39m\u001b[38;5;132;01m{\u001b[39;00mr\u001b[38;5;132;01m}\u001b[39;00m\u001b[38;5;124m\"\u001b[39m)\n",
      "File \u001b[0;32m/Library/Frameworks/Python.framework/Versions/3.12/lib/python3.12/site-packages/qpsolvers/solve_qp.py:135\u001b[0m, in \u001b[0;36msolve_qp\u001b[0;34m(P, q, G, h, A, b, lb, ub, solver, initvals, verbose, **kwargs)\u001b[0m\n\u001b[1;32m    130\u001b[0m     \u001b[38;5;28;01mraise\u001b[39;00m NoSolverSelected(\n\u001b[1;32m    131\u001b[0m         \u001b[38;5;124m\"\u001b[39m\u001b[38;5;124mSet the `solver` keyword argument to one of the \u001b[39m\u001b[38;5;124m\"\u001b[39m\n\u001b[1;32m    132\u001b[0m         \u001b[38;5;124mf\u001b[39m\u001b[38;5;124m\"\u001b[39m\u001b[38;5;124mavailable solvers in \u001b[39m\u001b[38;5;132;01m{\u001b[39;00mavailable_solvers\u001b[38;5;132;01m}\u001b[39;00m\u001b[38;5;124m\"\u001b[39m\n\u001b[1;32m    133\u001b[0m     )\n\u001b[1;32m    134\u001b[0m problem \u001b[38;5;241m=\u001b[39m Problem(P, q, G, h, A, b, lb, ub)\n\u001b[0;32m--> 135\u001b[0m solution \u001b[38;5;241m=\u001b[39m \u001b[43msolve_problem\u001b[49m\u001b[43m(\u001b[49m\u001b[43mproblem\u001b[49m\u001b[43m,\u001b[49m\u001b[43m \u001b[49m\u001b[43msolver\u001b[49m\u001b[43m,\u001b[49m\u001b[43m \u001b[49m\u001b[43minitvals\u001b[49m\u001b[43m,\u001b[49m\u001b[43m \u001b[49m\u001b[43mverbose\u001b[49m\u001b[43m,\u001b[49m\u001b[43m \u001b[49m\u001b[38;5;241;43m*\u001b[39;49m\u001b[38;5;241;43m*\u001b[39;49m\u001b[43mkwargs\u001b[49m\u001b[43m)\u001b[49m\n\u001b[1;32m    136\u001b[0m \u001b[38;5;28;01mreturn\u001b[39;00m solution\u001b[38;5;241m.\u001b[39mx \u001b[38;5;28;01mif\u001b[39;00m solution\u001b[38;5;241m.\u001b[39mfound \u001b[38;5;28;01melse\u001b[39;00m \u001b[38;5;28;01mNone\u001b[39;00m\n",
      "File \u001b[0;32m/Library/Frameworks/Python.framework/Versions/3.12/lib/python3.12/site-packages/qpsolvers/solve_problem.py:83\u001b[0m, in \u001b[0;36msolve_problem\u001b[0;34m(problem, solver, initvals, verbose, **kwargs)\u001b[0m\n\u001b[1;32m     81\u001b[0m     \u001b[38;5;28;01mreturn\u001b[39;00m solve_function[solver](problem, \u001b[38;5;241m*\u001b[39m\u001b[38;5;241m*\u001b[39mkwargs)\n\u001b[1;32m     82\u001b[0m \u001b[38;5;28;01mexcept\u001b[39;00m \u001b[38;5;167;01mKeyError\u001b[39;00m \u001b[38;5;28;01mas\u001b[39;00m e:\n\u001b[0;32m---> 83\u001b[0m     \u001b[38;5;28;01mraise\u001b[39;00m SolverNotFound(\n\u001b[1;32m     84\u001b[0m         \u001b[38;5;124mf\u001b[39m\u001b[38;5;124m\"\u001b[39m\u001b[38;5;124mfound solvers \u001b[39m\u001b[38;5;132;01m{\u001b[39;00mavailable_solvers\u001b[38;5;132;01m}\u001b[39;00m\u001b[38;5;124m \u001b[39m\u001b[38;5;124m\"\u001b[39m\n\u001b[1;32m     85\u001b[0m         \u001b[38;5;124mf\u001b[39m\u001b[38;5;124m\"\u001b[39m\u001b[38;5;124mbut \u001b[39m\u001b[38;5;124m'\u001b[39m\u001b[38;5;132;01m{\u001b[39;00msolver\u001b[38;5;132;01m}\u001b[39;00m\u001b[38;5;124m'\u001b[39m\u001b[38;5;124m is not one of them; if \u001b[39m\u001b[38;5;124m'\u001b[39m\u001b[38;5;132;01m{\u001b[39;00msolver\u001b[38;5;132;01m}\u001b[39;00m\u001b[38;5;124m'\u001b[39m\u001b[38;5;124m is \u001b[39m\u001b[38;5;124m\"\u001b[39m\n\u001b[1;32m     86\u001b[0m         \u001b[38;5;124mf\u001b[39m\u001b[38;5;124m\"\u001b[39m\u001b[38;5;124mlisted in https://github.com/qpsolvers/qpsolvers#solvers \u001b[39m\u001b[38;5;124m\"\u001b[39m\n\u001b[1;32m     87\u001b[0m         \u001b[38;5;124mf\u001b[39m\u001b[38;5;124m\"\u001b[39m\u001b[38;5;124myou can run ``pip install qpsolvers[\u001b[39m\u001b[38;5;132;01m{\u001b[39;00msolver\u001b[38;5;132;01m}\u001b[39;00m\u001b[38;5;124m]``\u001b[39m\u001b[38;5;124m\"\u001b[39m\n\u001b[1;32m     88\u001b[0m     ) \u001b[38;5;28;01mfrom\u001b[39;00m \u001b[38;5;21;01me\u001b[39;00m\n",
      "\u001b[0;31mSolverNotFound\u001b[0m: found solvers [] but 'quadprog' is not one of them; if 'quadprog' is listed in https://github.com/qpsolvers/qpsolvers#solvers you can run ``pip install qpsolvers[quadprog]``"
     ]
    }
   ],
   "source": [
    "def solve_task_1(r_values):\n",
    "    sigmas = []\n",
    "    mus = []\n",
    "\n",
    "    for r in r_values:\n",
    "        # Quadratic programming setup\n",
    "        P = C\n",
    "        q = np.zeros(n)\n",
    "        G = -np.eye(n)\n",
    "        h = np.zeros(n)\n",
    "        A = np.vstack([mu, np.ones(n)])\n",
    "        b = np.array([r, 1])\n",
    "\n",
    "        # Print debug information\n",
    "        print(f\"Solving for r = {r}\")\n",
    "        print(\"P:\", P)\n",
    "        print(\"q:\", q)\n",
    "        print(\"G:\", G)\n",
    "        print(\"h:\", h)\n",
    "        print(\"A:\", A)\n",
    "        print(\"b:\", b)\n",
    "\n",
    "        # Solve QP problem\n",
    "        x = solve_qp(P, q, G, h, A, b, solver='quadprog')\n",
    "        if x is None:\n",
    "            print(f\"No solution found for r = {r}\")\n",
    "            continue\n",
    "\n",
    "        sigma = np.sqrt(np.dot(x.T, np.dot(C, x)))\n",
    "        mu_val = np.dot(mu.T, x)\n",
    "\n",
    "        sigmas.append(sigma)\n",
    "        mus.append(mu_val)\n",
    "\n",
    "    return sigmas, mus\n",
    "\n",
    "# Define r values\n",
    "r_values = np.arange(2.00, 9.25, 0.25)\n",
    "\n",
    "# Solve task 1\n",
    "sigmas, mus = solve_task_1(r_values)\n",
    "\n",
    "# Plot results\n",
    "plt.figure(figsize=(10, 6))\n",
    "plt.plot(sigmas, mus, marker='o')\n",
    "plt.xlabel('σ (Risk)')\n",
    "plt.ylabel('μ (Return)')\n",
    "plt.title('Efficient Frontier')\n",
    "plt.grid(True)\n",
    "plt.show()"
   ]
  }
 ],
 "metadata": {
  "kernelspec": {
   "display_name": "base",
   "language": "python",
   "name": "python3"
  },
  "language_info": {
   "codemirror_mode": {
    "name": "ipython",
    "version": 3
   },
   "file_extension": ".py",
   "mimetype": "text/x-python",
   "name": "python",
   "nbconvert_exporter": "python",
   "pygments_lexer": "ipython3",
   "version": "3.12.1"
  }
 },
 "nbformat": 4,
 "nbformat_minor": 2
}
