{
 "cells": [
  {
   "cell_type": "markdown",
   "metadata": {},
   "source": [
    "## Markowitz Model for Portfolio Optimization\n",
    "\n",
    "The objective of this project is to formulate and solve the Markowitz model for portfolio optimization using Python. The Markowitz model aims to optimize the allocation of capital among a set of assets to minimize the overall risk (variance) of the portfolio for a given level of expected return. This is achieved by solving a quadratic optimization problem. In this project we'll be using the qpsolvers package to solve this optimization problem and plot the efficient frontier, which shows the trade-off between risk and return for different levels of expected returns."
   ]
  },
  {
   "cell_type": "markdown",
   "metadata": {},
   "source": [
    "### Model Description\n",
    "\n",
    "We consider a scenario where we have some capital to invest across $n$ different assets. The goal is to determine the optimal allocation of capital to minimize the risk while achieving a specified return. \n",
    "\n",
    "Here is a brief description of the model:\n",
    "\n",
    "- **Asset Allocation**: Let $x_j$ represent the fraction of total capital invested in asset $j$ for $j = 1, \\ldots, n$.\n",
    "- **Returns**: The annual (or daily) return of each asset is modeled as a random variable $\\xi_j$.\n",
    "- **Expected Returns**: The expected return of each asset is denoted by $\\mu_j = E[\\xi_j]$.\n",
    "- **Covariance Matrix**: The covariance between returns of assets $i$ and $j$ is represented by $C_{ij} = E[(\\xi_i - \\mu_i)(\\xi_j - \\mu_j)]$.\n",
    "\n",
    "Given these, the annual return of the portfolio is defined as the weighted sum of the expected returns: $r = \\mu^T x$ where $\\mu = (\\mu_1, \\ldots, \\mu_n)$ is the vector of expected returns and $x = (x_1, \\ldots, x_n)^T$ is the vector of capital allocations.\n"
   ]
  },
  {
   "cell_type": "markdown",
   "metadata": {},
   "source": [
    "### Optimization Problem\n",
    "\n",
    "The objective is to minimize the variance of the portfolio, which can be expressed as:\n",
    "\n",
    "Minimize: \n",
    "* $\\quad x^T C x$\n",
    "\n",
    "Subject to: \n",
    "* $\\mu^T x = r$\n",
    "* $e^T x = 1, \\quad \\text{where } e = (1, \\ldots, 1)^T$\n",
    "* $x \\geq 0$"
   ]
  },
  {
   "cell_type": "markdown",
   "metadata": {},
   "source": [
    "### Requirements"
   ]
  },
  {
   "cell_type": "code",
   "execution_count": 24,
   "metadata": {},
   "outputs": [],
   "source": [
    "import numpy as np\n",
    "import random\n",
    "from qpsolvers import solve_qp\n",
    "import matplotlib.pyplot as plt"
   ]
  },
  {
   "cell_type": "markdown",
   "metadata": {},
   "source": [
    "### Setup\n",
    "\n",
    "For the setup, we will first input the last 2 digits of my registration number into `dig1` and `dig2` and use them to calculate `dummyrepetitions` which is a value used to initialize the random number generator state, ensuring that the random numbers generated later are reproducible. We'll set `n` equal to 10 as that is the number of different assets considered in the optimization problem. Then we can loop through the `dummyrepetitions` which in this case is 19 and generate a number either 0 or 1 in each iteration. This step initializes the random number generator state to ensure that the subsequent random number generations are influenced by these initializations, contributing to the randomness in the generated data.\n"
   ]
  },
  {
   "cell_type": "code",
   "execution_count": 25,
   "metadata": {},
   "outputs": [],
   "source": [
    "# registation number\n",
    "dig1 = 1\n",
    "dig2 = 9\n",
    "dummyrepetitions = 10 * dig1 + dig2\n",
    "\n",
    "# parameters\n",
    "n = 10"
   ]
  },
  {
   "cell_type": "code",
   "execution_count": 26,
   "metadata": {},
   "outputs": [],
   "source": [
    "# generate data\n",
    "for _ in range(dummyrepetitions):\n",
    "    dummy = random.uniform(0, 1)"
   ]
  },
  {
   "cell_type": "markdown",
   "metadata": {},
   "source": [
    "For the correlation matrix, we'll initialize an `n` by `n` matrix (10 x 10 in this case) filled with zeroes and then use the correlation formula to fill the matrix where the correlation between assets decreases with the distances between their indices."
   ]
  },
  {
   "cell_type": "code",
   "execution_count": 27,
   "metadata": {},
   "outputs": [
    {
     "name": "stdout",
     "output_type": "stream",
     "text": [
      "[[0. 0. 0. 0. 0. 0. 0. 0. 0. 0.]\n",
      " [0. 0. 0. 0. 0. 0. 0. 0. 0. 0.]\n",
      " [0. 0. 0. 0. 0. 0. 0. 0. 0. 0.]\n",
      " [0. 0. 0. 0. 0. 0. 0. 0. 0. 0.]\n",
      " [0. 0. 0. 0. 0. 0. 0. 0. 0. 0.]\n",
      " [0. 0. 0. 0. 0. 0. 0. 0. 0. 0.]\n",
      " [0. 0. 0. 0. 0. 0. 0. 0. 0. 0.]\n",
      " [0. 0. 0. 0. 0. 0. 0. 0. 0. 0.]\n",
      " [0. 0. 0. 0. 0. 0. 0. 0. 0. 0.]\n",
      " [0. 0. 0. 0. 0. 0. 0. 0. 0. 0.]]\n",
      "[[ 1.         -0.5         0.33333333 -0.25        0.2        -0.16666667\n",
      "   0.14285714 -0.125       0.11111111 -0.1       ]\n",
      " [-0.5         1.         -0.5         0.33333333 -0.25        0.2\n",
      "  -0.16666667  0.14285714 -0.125       0.11111111]\n",
      " [ 0.33333333 -0.5         1.         -0.5         0.33333333 -0.25\n",
      "   0.2        -0.16666667  0.14285714 -0.125     ]\n",
      " [-0.25        0.33333333 -0.5         1.         -0.5         0.33333333\n",
      "  -0.25        0.2        -0.16666667  0.14285714]\n",
      " [ 0.2        -0.25        0.33333333 -0.5         1.         -0.5\n",
      "   0.33333333 -0.25        0.2        -0.16666667]\n",
      " [-0.16666667  0.2        -0.25        0.33333333 -0.5         1.\n",
      "  -0.5         0.33333333 -0.25        0.2       ]\n",
      " [ 0.14285714 -0.16666667  0.2        -0.25        0.33333333 -0.5\n",
      "   1.         -0.5         0.33333333 -0.25      ]\n",
      " [-0.125       0.14285714 -0.16666667  0.2        -0.25        0.33333333\n",
      "  -0.5         1.         -0.5         0.33333333]\n",
      " [ 0.11111111 -0.125       0.14285714 -0.16666667  0.2        -0.25\n",
      "   0.33333333 -0.5         1.         -0.5       ]\n",
      " [-0.1         0.11111111 -0.125       0.14285714 -0.16666667  0.2\n",
      "  -0.25        0.33333333 -0.5         1.        ]]\n"
     ]
    }
   ],
   "source": [
    "# create correlation matrix\n",
    "Corr = np.array([[0] * n for _ in range(n)], dtype=float)\n",
    "print(Corr)\n",
    "\n",
    "for i in range(n):\n",
    "    for j in range(n):\n",
    "        Corr[i][j] = (-1) ** abs(i - j) / (abs(i - j) + 1)\n",
    "print(Corr)"
   ]
  },
  {
   "cell_type": "markdown",
   "metadata": {},
   "source": [
    "We will initialize `ssigma` (standard deviations) and `mmu` (expected returns) as column vectors of zeroes with `n` rows. The initial values for `ssigma` and `mmu` will be 2 and 3 respectively. To populate the two vectors we'll use a loop such that each subsequent element of `ssigma` is the previous element plus a random number between 0-2 and each subsequent element of `mmu` is the previous element plus 1.\n",
    "\n",
    "These vectors represent the standard deviations and expected returns of the 10 assets."
   ]
  },
  {
   "cell_type": "code",
   "execution_count": 28,
   "metadata": {},
   "outputs": [
    {
     "name": "stdout",
     "output_type": "stream",
     "text": [
      "[[2.]\n",
      " [0.]\n",
      " [0.]\n",
      " [0.]\n",
      " [0.]\n",
      " [0.]\n",
      " [0.]\n",
      " [0.]\n",
      " [0.]\n",
      " [0.]]\n",
      "[[3.]\n",
      " [0.]\n",
      " [0.]\n",
      " [0.]\n",
      " [0.]\n",
      " [0.]\n",
      " [0.]\n",
      " [0.]\n",
      " [0.]\n",
      " [0.]]\n",
      "[[ 2.        ]\n",
      " [ 3.78045464]\n",
      " [ 5.21597286]\n",
      " [ 6.49690132]\n",
      " [ 6.52130872]\n",
      " [ 6.89584569]\n",
      " [ 7.25344465]\n",
      " [ 7.31007749]\n",
      " [ 8.30920562]\n",
      " [10.06681719]]\n",
      "[[ 3.]\n",
      " [ 4.]\n",
      " [ 5.]\n",
      " [ 6.]\n",
      " [ 7.]\n",
      " [ 8.]\n",
      " [ 9.]\n",
      " [10.]\n",
      " [11.]\n",
      " [12.]]\n"
     ]
    }
   ],
   "source": [
    "# initialize std dev and ER\n",
    "ssigma = np.array([[0] * 1 for _ in range(n)], dtype = float)\n",
    "mmu = np.array([[0] * 1 for _ in range(n)], dtype = float)\n",
    "\n",
    "ssigma[0] = 2\n",
    "mmu[0] = 3\n",
    "\n",
    "print(ssigma)\n",
    "print(mmu)\n",
    "\n",
    "for i in range(n - 1):\n",
    "    ssigma[i + 1] = ssigma[i] + 2 * random.uniform(0, 1)\n",
    "    mmu[i + 1] = mmu[i] + 1\n",
    "\n",
    "print(ssigma)\n",
    "print(mmu)"
   ]
  },
  {
   "cell_type": "markdown",
   "metadata": {},
   "source": [
    "For the covariance matrix we'll do the same as before and initialize a 10x10 matrix filled with zeroes. Then we can fill the diagonal values with the values from the `ssigma` vector we created previously. To calculate the preliminary covariance matrix we'll use matrix multiplication for `ddiag`, `Corr`, and `ddiag` again. This step effectively scales the correlation matrix by the standard deviations. To ensure symmetry we can take the average of C2 and its transpose. It also helps to guarantee that the resulting matrix is positive semi-definite."
   ]
  },
  {
   "cell_type": "code",
   "execution_count": 29,
   "metadata": {},
   "outputs": [
    {
     "name": "stdout",
     "output_type": "stream",
     "text": [
      "[[ 2.          0.          0.          0.          0.          0.\n",
      "   0.          0.          0.          0.        ]\n",
      " [ 0.          3.78045464  0.          0.          0.          0.\n",
      "   0.          0.          0.          0.        ]\n",
      " [ 0.          0.          5.21597286  0.          0.          0.\n",
      "   0.          0.          0.          0.        ]\n",
      " [ 0.          0.          0.          6.49690132  0.          0.\n",
      "   0.          0.          0.          0.        ]\n",
      " [ 0.          0.          0.          0.          6.52130872  0.\n",
      "   0.          0.          0.          0.        ]\n",
      " [ 0.          0.          0.          0.          0.          6.89584569\n",
      "   0.          0.          0.          0.        ]\n",
      " [ 0.          0.          0.          0.          0.          0.\n",
      "   7.25344465  0.          0.          0.        ]\n",
      " [ 0.          0.          0.          0.          0.          0.\n",
      "   0.          7.31007749  0.          0.        ]\n",
      " [ 0.          0.          0.          0.          0.          0.\n",
      "   0.          0.          8.30920562  0.        ]\n",
      " [ 0.          0.          0.          0.          0.          0.\n",
      "   0.          0.          0.         10.06681719]]\n",
      "[[  4.          -3.78045464   3.47731524  -3.24845066   2.60852349\n",
      "   -2.29861523   2.07241276  -1.82751937   1.84649014  -2.01336344]\n",
      " [ -3.78045464  14.2918373   -9.85937441   8.18708025  -6.16337796\n",
      "    5.21388637  -4.57021975   3.94791663  -3.92657187   4.22857175]\n",
      " [  3.47731524  -9.85937441  27.20637292 -16.9438305   11.33832311\n",
      "   -8.992136     7.56675409  -6.35486097   6.19151301  -6.56353066]\n",
      " [ -3.24845066   8.18708025 -16.9438305   42.20972678 -21.18414963\n",
      "   14.93387632 -11.78122853   9.49857043  -8.99734816   9.34330256]\n",
      " [  2.60852349  -6.16337796  11.33832311 -21.18414963  42.52746745\n",
      "  -22.48496931  15.76731728 -11.91781803  10.83737902 -10.94147046]\n",
      " [ -2.29861523   5.21388637  -8.992136    14.93387632 -22.48496931\n",
      "   47.55268774 -25.00931749  16.80305545 -14.32474993  13.88384358]\n",
      " [  2.07241276  -4.57021975   7.56675409 -11.78122853  15.76731728\n",
      "  -25.00931749  52.61245923 -26.51162123  20.090121   -18.25477531]\n",
      " [ -1.82751937   3.94791663  -6.35486097   9.49857043 -11.91781803\n",
      "   16.80305545 -26.51162123  53.43723297 -30.37046849  24.52973793]\n",
      " [  1.84649014  -3.92657187   6.19151301  -8.99734816  10.83737902\n",
      "  -14.32474993  20.090121   -30.37046849  69.04289802 -41.82362698]\n",
      " [ -2.01336344   4.22857175  -6.56353066   9.34330256 -10.94147046\n",
      "   13.88384358 -18.25477531  24.52973793 -41.82362698 101.34080835]]\n",
      "[[  4.          -3.78045464   3.47731524  -3.24845066   2.60852349\n",
      "   -2.29861523   2.07241276  -1.82751937   1.84649014  -2.01336344]\n",
      " [ -3.78045464  14.2918373   -9.85937441   8.18708025  -6.16337796\n",
      "    5.21388637  -4.57021975   3.94791663  -3.92657187   4.22857175]\n",
      " [  3.47731524  -9.85937441  27.20637292 -16.9438305   11.33832311\n",
      "   -8.992136     7.56675409  -6.35486097   6.19151301  -6.56353066]\n",
      " [ -3.24845066   8.18708025 -16.9438305   42.20972678 -21.18414963\n",
      "   14.93387632 -11.78122853   9.49857043  -8.99734816   9.34330256]\n",
      " [  2.60852349  -6.16337796  11.33832311 -21.18414963  42.52746745\n",
      "  -22.48496931  15.76731728 -11.91781803  10.83737902 -10.94147046]\n",
      " [ -2.29861523   5.21388637  -8.992136    14.93387632 -22.48496931\n",
      "   47.55268774 -25.00931749  16.80305545 -14.32474993  13.88384358]\n",
      " [  2.07241276  -4.57021975   7.56675409 -11.78122853  15.76731728\n",
      "  -25.00931749  52.61245923 -26.51162123  20.090121   -18.25477531]\n",
      " [ -1.82751937   3.94791663  -6.35486097   9.49857043 -11.91781803\n",
      "   16.80305545 -26.51162123  53.43723297 -30.37046849  24.52973793]\n",
      " [  1.84649014  -3.92657187   6.19151301  -8.99734816  10.83737902\n",
      "  -14.32474993  20.090121   -30.37046849  69.04289802 -41.82362698]\n",
      " [ -2.01336344   4.22857175  -6.56353066   9.34330256 -10.94147046\n",
      "   13.88384358 -18.25477531  24.52973793 -41.82362698 101.34080835]]\n"
     ]
    }
   ],
   "source": [
    "# create covariance matrix\n",
    "ddiag = np.array([[0] * n for _ in range(n)], dtype = float)\n",
    "np.fill_diagonal(ddiag, ssigma)\n",
    "print(ddiag)\n",
    "\n",
    "C2 = np.matmul(np.matmul(ddiag,Corr), ddiag)\n",
    "print(C2)\n",
    "\n",
    "C = 0.5 * (C2 + C2.T)\n",
    "print(C)"
   ]
  },
  {
   "cell_type": "markdown",
   "metadata": {},
   "source": [
    "The last part of the setup is to convert the `mmu` vector from a *(n , 1)* shape to a 1D array of shape *(n, )*."
   ]
  },
  {
   "cell_type": "code",
   "execution_count": 30,
   "metadata": {},
   "outputs": [
    {
     "name": "stdout",
     "output_type": "stream",
     "text": [
      "[[ 3.]\n",
      " [ 4.]\n",
      " [ 5.]\n",
      " [ 6.]\n",
      " [ 7.]\n",
      " [ 8.]\n",
      " [ 9.]\n",
      " [10.]\n",
      " [11.]\n",
      " [12.]]\n",
      "[ 3.  4.  5.  6.  7.  8.  9. 10. 11. 12.]\n"
     ]
    }
   ],
   "source": [
    "# ER vector\n",
    "print(mmu)\n",
    "mu = mmu.flatten()\n",
    "print(mu)"
   ]
  },
  {
   "cell_type": "markdown",
   "metadata": {},
   "source": [
    "### Task 1\n",
    "\n",
    "For Task 1, the objective is to solve the Markowitz optimization problem for a range of target return values given. The goal is to find the portofolio weights that minimize the variance for each given level of expected return."
   ]
  },
  {
   "cell_type": "code",
   "execution_count": 31,
   "metadata": {},
   "outputs": [
    {
     "name": "stdout",
     "output_type": "stream",
     "text": [
      "[2.   2.25 2.5  2.75 3.   3.25 3.5  3.75 4.   4.25 4.5  4.75 5.   5.25\n",
      " 5.5  5.75 6.   6.25 6.5  6.75 7.   7.25 7.5  7.75 8.   8.25 8.5  8.75\n",
      " 9.  ]\n",
      "29\n"
     ]
    }
   ],
   "source": [
    "# define r values\n",
    "r_values = np.arange(2.00, 9.25, 0.25)\n",
    "print(r_values)\n",
    "print(r_values.size)"
   ]
  },
  {
   "cell_type": "markdown",
   "metadata": {},
   "source": [
    "Now for our function to solve the Markowitz portfolio optimization problem we'll create a function, `t1`, that takes the target return values as the input and initialize 2 empty lists for the sigmas and mus.\n",
    "\n",
    "For the quadprog setup parameters:\n",
    "\n",
    "* **P = C**\n",
    "    * the covariance matrix C is used as the quadratic term in the objective function\n",
    "\n",
    "* **q = np.zeros(n)**\n",
    "    * a vector of zeros for the linear term in the objective function (since there is no linear term, it is zero)\n",
    "\n",
    "* **G = -np.eye(n)**\n",
    "    * a matrix to enforce the non-negativity constraints ($x \\geq 0$), -np.eye(n) creates a negative identity matrix of size n\n",
    "\n",
    "* **h = np.zeros(n)**\n",
    "    * a vector of zeros corresponding to the non-negativity constraints\n",
    "\n",
    "* **A = np.vstack([mu, np.ones(n)])**\n",
    "    * a matrix to enforce the equality constraints, it combines the expected returns vector mu and a vector of ones\n",
    "\n",
    "* **b = np.array([r, 1])**\n",
    "    * a vector specifying the target return r and the sum of weights constraint (which should sum to 1)\n",
    "\n",
    "We'll include a debugging contingency that will print out the process of solving for each target return for easier error handling. Once we have this done we can go ahead and solve the quadratic problem using quadprog within solve_qp. The output will be a vector `x` representing the portfolio weights. Once again for error handling, if `x` is 'None', we'll print out a message and continue to the next target return.\n",
    "\n",
    "If `x` is found, we'll calculate the standard deviation and expected return of the portfolio and then append both values to the initialized list.\n"
   ]
  },
  {
   "cell_type": "code",
   "execution_count": 32,
   "metadata": {},
   "outputs": [
    {
     "name": "stdout",
     "output_type": "stream",
     "text": [
      "Solving for r = 2.0\n",
      "P: [[  4.          -3.78045464   3.47731524  -3.24845066   2.60852349\n",
      "   -2.29861523   2.07241276  -1.82751937   1.84649014  -2.01336344]\n",
      " [ -3.78045464  14.2918373   -9.85937441   8.18708025  -6.16337796\n",
      "    5.21388637  -4.57021975   3.94791663  -3.92657187   4.22857175]\n",
      " [  3.47731524  -9.85937441  27.20637292 -16.9438305   11.33832311\n",
      "   -8.992136     7.56675409  -6.35486097   6.19151301  -6.56353066]\n",
      " [ -3.24845066   8.18708025 -16.9438305   42.20972678 -21.18414963\n",
      "   14.93387632 -11.78122853   9.49857043  -8.99734816   9.34330256]\n",
      " [  2.60852349  -6.16337796  11.33832311 -21.18414963  42.52746745\n",
      "  -22.48496931  15.76731728 -11.91781803  10.83737902 -10.94147046]\n",
      " [ -2.29861523   5.21388637  -8.992136    14.93387632 -22.48496931\n",
      "   47.55268774 -25.00931749  16.80305545 -14.32474993  13.88384358]\n",
      " [  2.07241276  -4.57021975   7.56675409 -11.78122853  15.76731728\n",
      "  -25.00931749  52.61245923 -26.51162123  20.090121   -18.25477531]\n",
      " [ -1.82751937   3.94791663  -6.35486097   9.49857043 -11.91781803\n",
      "   16.80305545 -26.51162123  53.43723297 -30.37046849  24.52973793]\n",
      " [  1.84649014  -3.92657187   6.19151301  -8.99734816  10.83737902\n",
      "  -14.32474993  20.090121   -30.37046849  69.04289802 -41.82362698]\n",
      " [ -2.01336344   4.22857175  -6.56353066   9.34330256 -10.94147046\n",
      "   13.88384358 -18.25477531  24.52973793 -41.82362698 101.34080835]]\n",
      "q: [0. 0. 0. 0. 0. 0. 0. 0. 0. 0.]\n",
      "G: [[-1. -0. -0. -0. -0. -0. -0. -0. -0. -0.]\n",
      " [-0. -1. -0. -0. -0. -0. -0. -0. -0. -0.]\n",
      " [-0. -0. -1. -0. -0. -0. -0. -0. -0. -0.]\n",
      " [-0. -0. -0. -1. -0. -0. -0. -0. -0. -0.]\n",
      " [-0. -0. -0. -0. -1. -0. -0. -0. -0. -0.]\n",
      " [-0. -0. -0. -0. -0. -1. -0. -0. -0. -0.]\n",
      " [-0. -0. -0. -0. -0. -0. -1. -0. -0. -0.]\n",
      " [-0. -0. -0. -0. -0. -0. -0. -1. -0. -0.]\n",
      " [-0. -0. -0. -0. -0. -0. -0. -0. -1. -0.]\n",
      " [-0. -0. -0. -0. -0. -0. -0. -0. -0. -1.]]\n",
      "h: [0. 0. 0. 0. 0. 0. 0. 0. 0. 0.]\n",
      "A: [[ 3.  4.  5.  6.  7.  8.  9. 10. 11. 12.]\n",
      " [ 1.  1.  1.  1.  1.  1.  1.  1.  1.  1.]]\n",
      "b: [2. 1.]\n",
      "No solution found for r = 2.0\n",
      "Solving for r = 2.25\n",
      "P: [[  4.          -3.78045464   3.47731524  -3.24845066   2.60852349\n",
      "   -2.29861523   2.07241276  -1.82751937   1.84649014  -2.01336344]\n",
      " [ -3.78045464  14.2918373   -9.85937441   8.18708025  -6.16337796\n",
      "    5.21388637  -4.57021975   3.94791663  -3.92657187   4.22857175]\n",
      " [  3.47731524  -9.85937441  27.20637292 -16.9438305   11.33832311\n",
      "   -8.992136     7.56675409  -6.35486097   6.19151301  -6.56353066]\n",
      " [ -3.24845066   8.18708025 -16.9438305   42.20972678 -21.18414963\n",
      "   14.93387632 -11.78122853   9.49857043  -8.99734816   9.34330256]\n",
      " [  2.60852349  -6.16337796  11.33832311 -21.18414963  42.52746745\n",
      "  -22.48496931  15.76731728 -11.91781803  10.83737902 -10.94147046]\n",
      " [ -2.29861523   5.21388637  -8.992136    14.93387632 -22.48496931\n",
      "   47.55268774 -25.00931749  16.80305545 -14.32474993  13.88384358]\n",
      " [  2.07241276  -4.57021975   7.56675409 -11.78122853  15.76731728\n",
      "  -25.00931749  52.61245923 -26.51162123  20.090121   -18.25477531]\n",
      " [ -1.82751937   3.94791663  -6.35486097   9.49857043 -11.91781803\n",
      "   16.80305545 -26.51162123  53.43723297 -30.37046849  24.52973793]\n",
      " [  1.84649014  -3.92657187   6.19151301  -8.99734816  10.83737902\n",
      "  -14.32474993  20.090121   -30.37046849  69.04289802 -41.82362698]\n",
      " [ -2.01336344   4.22857175  -6.56353066   9.34330256 -10.94147046\n",
      "   13.88384358 -18.25477531  24.52973793 -41.82362698 101.34080835]]\n",
      "q: [0. 0. 0. 0. 0. 0. 0. 0. 0. 0.]\n",
      "G: [[-1. -0. -0. -0. -0. -0. -0. -0. -0. -0.]\n",
      " [-0. -1. -0. -0. -0. -0. -0. -0. -0. -0.]\n",
      " [-0. -0. -1. -0. -0. -0. -0. -0. -0. -0.]\n",
      " [-0. -0. -0. -1. -0. -0. -0. -0. -0. -0.]\n",
      " [-0. -0. -0. -0. -1. -0. -0. -0. -0. -0.]\n",
      " [-0. -0. -0. -0. -0. -1. -0. -0. -0. -0.]\n",
      " [-0. -0. -0. -0. -0. -0. -1. -0. -0. -0.]\n",
      " [-0. -0. -0. -0. -0. -0. -0. -1. -0. -0.]\n",
      " [-0. -0. -0. -0. -0. -0. -0. -0. -1. -0.]\n",
      " [-0. -0. -0. -0. -0. -0. -0. -0. -0. -1.]]\n",
      "h: [0. 0. 0. 0. 0. 0. 0. 0. 0. 0.]\n",
      "A: [[ 3.  4.  5.  6.  7.  8.  9. 10. 11. 12.]\n",
      " [ 1.  1.  1.  1.  1.  1.  1.  1.  1.  1.]]\n",
      "b: [2.25 1.  ]\n",
      "No solution found for r = 2.25\n",
      "Solving for r = 2.5\n",
      "P: [[  4.          -3.78045464   3.47731524  -3.24845066   2.60852349\n",
      "   -2.29861523   2.07241276  -1.82751937   1.84649014  -2.01336344]\n",
      " [ -3.78045464  14.2918373   -9.85937441   8.18708025  -6.16337796\n",
      "    5.21388637  -4.57021975   3.94791663  -3.92657187   4.22857175]\n",
      " [  3.47731524  -9.85937441  27.20637292 -16.9438305   11.33832311\n",
      "   -8.992136     7.56675409  -6.35486097   6.19151301  -6.56353066]\n",
      " [ -3.24845066   8.18708025 -16.9438305   42.20972678 -21.18414963\n",
      "   14.93387632 -11.78122853   9.49857043  -8.99734816   9.34330256]\n",
      " [  2.60852349  -6.16337796  11.33832311 -21.18414963  42.52746745\n",
      "  -22.48496931  15.76731728 -11.91781803  10.83737902 -10.94147046]\n",
      " [ -2.29861523   5.21388637  -8.992136    14.93387632 -22.48496931\n",
      "   47.55268774 -25.00931749  16.80305545 -14.32474993  13.88384358]\n",
      " [  2.07241276  -4.57021975   7.56675409 -11.78122853  15.76731728\n",
      "  -25.00931749  52.61245923 -26.51162123  20.090121   -18.25477531]\n",
      " [ -1.82751937   3.94791663  -6.35486097   9.49857043 -11.91781803\n",
      "   16.80305545 -26.51162123  53.43723297 -30.37046849  24.52973793]\n",
      " [  1.84649014  -3.92657187   6.19151301  -8.99734816  10.83737902\n",
      "  -14.32474993  20.090121   -30.37046849  69.04289802 -41.82362698]\n",
      " [ -2.01336344   4.22857175  -6.56353066   9.34330256 -10.94147046\n",
      "   13.88384358 -18.25477531  24.52973793 -41.82362698 101.34080835]]\n",
      "q: [0. 0. 0. 0. 0. 0. 0. 0. 0. 0.]\n",
      "G: [[-1. -0. -0. -0. -0. -0. -0. -0. -0. -0.]\n",
      " [-0. -1. -0. -0. -0. -0. -0. -0. -0. -0.]\n",
      " [-0. -0. -1. -0. -0. -0. -0. -0. -0. -0.]\n",
      " [-0. -0. -0. -1. -0. -0. -0. -0. -0. -0.]\n",
      " [-0. -0. -0. -0. -1. -0. -0. -0. -0. -0.]\n",
      " [-0. -0. -0. -0. -0. -1. -0. -0. -0. -0.]\n",
      " [-0. -0. -0. -0. -0. -0. -1. -0. -0. -0.]\n",
      " [-0. -0. -0. -0. -0. -0. -0. -1. -0. -0.]\n",
      " [-0. -0. -0. -0. -0. -0. -0. -0. -1. -0.]\n",
      " [-0. -0. -0. -0. -0. -0. -0. -0. -0. -1.]]\n",
      "h: [0. 0. 0. 0. 0. 0. 0. 0. 0. 0.]\n",
      "A: [[ 3.  4.  5.  6.  7.  8.  9. 10. 11. 12.]\n",
      " [ 1.  1.  1.  1.  1.  1.  1.  1.  1.  1.]]\n",
      "b: [2.5 1. ]\n",
      "No solution found for r = 2.5\n",
      "Solving for r = 2.75\n",
      "P: [[  4.          -3.78045464   3.47731524  -3.24845066   2.60852349\n",
      "   -2.29861523   2.07241276  -1.82751937   1.84649014  -2.01336344]\n",
      " [ -3.78045464  14.2918373   -9.85937441   8.18708025  -6.16337796\n",
      "    5.21388637  -4.57021975   3.94791663  -3.92657187   4.22857175]\n",
      " [  3.47731524  -9.85937441  27.20637292 -16.9438305   11.33832311\n",
      "   -8.992136     7.56675409  -6.35486097   6.19151301  -6.56353066]\n",
      " [ -3.24845066   8.18708025 -16.9438305   42.20972678 -21.18414963\n",
      "   14.93387632 -11.78122853   9.49857043  -8.99734816   9.34330256]\n",
      " [  2.60852349  -6.16337796  11.33832311 -21.18414963  42.52746745\n",
      "  -22.48496931  15.76731728 -11.91781803  10.83737902 -10.94147046]\n",
      " [ -2.29861523   5.21388637  -8.992136    14.93387632 -22.48496931\n",
      "   47.55268774 -25.00931749  16.80305545 -14.32474993  13.88384358]\n",
      " [  2.07241276  -4.57021975   7.56675409 -11.78122853  15.76731728\n",
      "  -25.00931749  52.61245923 -26.51162123  20.090121   -18.25477531]\n",
      " [ -1.82751937   3.94791663  -6.35486097   9.49857043 -11.91781803\n",
      "   16.80305545 -26.51162123  53.43723297 -30.37046849  24.52973793]\n",
      " [  1.84649014  -3.92657187   6.19151301  -8.99734816  10.83737902\n",
      "  -14.32474993  20.090121   -30.37046849  69.04289802 -41.82362698]\n",
      " [ -2.01336344   4.22857175  -6.56353066   9.34330256 -10.94147046\n",
      "   13.88384358 -18.25477531  24.52973793 -41.82362698 101.34080835]]\n",
      "q: [0. 0. 0. 0. 0. 0. 0. 0. 0. 0.]\n",
      "G: [[-1. -0. -0. -0. -0. -0. -0. -0. -0. -0.]\n",
      " [-0. -1. -0. -0. -0. -0. -0. -0. -0. -0.]\n",
      " [-0. -0. -1. -0. -0. -0. -0. -0. -0. -0.]\n",
      " [-0. -0. -0. -1. -0. -0. -0. -0. -0. -0.]\n",
      " [-0. -0. -0. -0. -1. -0. -0. -0. -0. -0.]\n",
      " [-0. -0. -0. -0. -0. -1. -0. -0. -0. -0.]\n",
      " [-0. -0. -0. -0. -0. -0. -1. -0. -0. -0.]\n",
      " [-0. -0. -0. -0. -0. -0. -0. -1. -0. -0.]\n",
      " [-0. -0. -0. -0. -0. -0. -0. -0. -1. -0.]\n",
      " [-0. -0. -0. -0. -0. -0. -0. -0. -0. -1.]]\n",
      "h: [0. 0. 0. 0. 0. 0. 0. 0. 0. 0.]\n",
      "A: [[ 3.  4.  5.  6.  7.  8.  9. 10. 11. 12.]\n",
      " [ 1.  1.  1.  1.  1.  1.  1.  1.  1.  1.]]\n",
      "b: [2.75 1.  ]\n",
      "No solution found for r = 2.75\n",
      "Solving for r = 3.0\n",
      "P: [[  4.          -3.78045464   3.47731524  -3.24845066   2.60852349\n",
      "   -2.29861523   2.07241276  -1.82751937   1.84649014  -2.01336344]\n",
      " [ -3.78045464  14.2918373   -9.85937441   8.18708025  -6.16337796\n",
      "    5.21388637  -4.57021975   3.94791663  -3.92657187   4.22857175]\n",
      " [  3.47731524  -9.85937441  27.20637292 -16.9438305   11.33832311\n",
      "   -8.992136     7.56675409  -6.35486097   6.19151301  -6.56353066]\n",
      " [ -3.24845066   8.18708025 -16.9438305   42.20972678 -21.18414963\n",
      "   14.93387632 -11.78122853   9.49857043  -8.99734816   9.34330256]\n",
      " [  2.60852349  -6.16337796  11.33832311 -21.18414963  42.52746745\n",
      "  -22.48496931  15.76731728 -11.91781803  10.83737902 -10.94147046]\n",
      " [ -2.29861523   5.21388637  -8.992136    14.93387632 -22.48496931\n",
      "   47.55268774 -25.00931749  16.80305545 -14.32474993  13.88384358]\n",
      " [  2.07241276  -4.57021975   7.56675409 -11.78122853  15.76731728\n",
      "  -25.00931749  52.61245923 -26.51162123  20.090121   -18.25477531]\n",
      " [ -1.82751937   3.94791663  -6.35486097   9.49857043 -11.91781803\n",
      "   16.80305545 -26.51162123  53.43723297 -30.37046849  24.52973793]\n",
      " [  1.84649014  -3.92657187   6.19151301  -8.99734816  10.83737902\n",
      "  -14.32474993  20.090121   -30.37046849  69.04289802 -41.82362698]\n",
      " [ -2.01336344   4.22857175  -6.56353066   9.34330256 -10.94147046\n",
      "   13.88384358 -18.25477531  24.52973793 -41.82362698 101.34080835]]\n",
      "q: [0. 0. 0. 0. 0. 0. 0. 0. 0. 0.]\n",
      "G: [[-1. -0. -0. -0. -0. -0. -0. -0. -0. -0.]\n",
      " [-0. -1. -0. -0. -0. -0. -0. -0. -0. -0.]\n",
      " [-0. -0. -1. -0. -0. -0. -0. -0. -0. -0.]\n",
      " [-0. -0. -0. -1. -0. -0. -0. -0. -0. -0.]\n",
      " [-0. -0. -0. -0. -1. -0. -0. -0. -0. -0.]\n",
      " [-0. -0. -0. -0. -0. -1. -0. -0. -0. -0.]\n",
      " [-0. -0. -0. -0. -0. -0. -1. -0. -0. -0.]\n",
      " [-0. -0. -0. -0. -0. -0. -0. -1. -0. -0.]\n",
      " [-0. -0. -0. -0. -0. -0. -0. -0. -1. -0.]\n",
      " [-0. -0. -0. -0. -0. -0. -0. -0. -0. -1.]]\n",
      "h: [0. 0. 0. 0. 0. 0. 0. 0. 0. 0.]\n",
      "A: [[ 3.  4.  5.  6.  7.  8.  9. 10. 11. 12.]\n",
      " [ 1.  1.  1.  1.  1.  1.  1.  1.  1.  1.]]\n",
      "b: [3. 1.]\n",
      "Solving for r = 3.25\n",
      "P: [[  4.          -3.78045464   3.47731524  -3.24845066   2.60852349\n",
      "   -2.29861523   2.07241276  -1.82751937   1.84649014  -2.01336344]\n",
      " [ -3.78045464  14.2918373   -9.85937441   8.18708025  -6.16337796\n",
      "    5.21388637  -4.57021975   3.94791663  -3.92657187   4.22857175]\n",
      " [  3.47731524  -9.85937441  27.20637292 -16.9438305   11.33832311\n",
      "   -8.992136     7.56675409  -6.35486097   6.19151301  -6.56353066]\n",
      " [ -3.24845066   8.18708025 -16.9438305   42.20972678 -21.18414963\n",
      "   14.93387632 -11.78122853   9.49857043  -8.99734816   9.34330256]\n",
      " [  2.60852349  -6.16337796  11.33832311 -21.18414963  42.52746745\n",
      "  -22.48496931  15.76731728 -11.91781803  10.83737902 -10.94147046]\n",
      " [ -2.29861523   5.21388637  -8.992136    14.93387632 -22.48496931\n",
      "   47.55268774 -25.00931749  16.80305545 -14.32474993  13.88384358]\n",
      " [  2.07241276  -4.57021975   7.56675409 -11.78122853  15.76731728\n",
      "  -25.00931749  52.61245923 -26.51162123  20.090121   -18.25477531]\n",
      " [ -1.82751937   3.94791663  -6.35486097   9.49857043 -11.91781803\n",
      "   16.80305545 -26.51162123  53.43723297 -30.37046849  24.52973793]\n",
      " [  1.84649014  -3.92657187   6.19151301  -8.99734816  10.83737902\n",
      "  -14.32474993  20.090121   -30.37046849  69.04289802 -41.82362698]\n",
      " [ -2.01336344   4.22857175  -6.56353066   9.34330256 -10.94147046\n",
      "   13.88384358 -18.25477531  24.52973793 -41.82362698 101.34080835]]\n",
      "q: [0. 0. 0. 0. 0. 0. 0. 0. 0. 0.]\n",
      "G: [[-1. -0. -0. -0. -0. -0. -0. -0. -0. -0.]\n",
      " [-0. -1. -0. -0. -0. -0. -0. -0. -0. -0.]\n",
      " [-0. -0. -1. -0. -0. -0. -0. -0. -0. -0.]\n",
      " [-0. -0. -0. -1. -0. -0. -0. -0. -0. -0.]\n",
      " [-0. -0. -0. -0. -1. -0. -0. -0. -0. -0.]\n",
      " [-0. -0. -0. -0. -0. -1. -0. -0. -0. -0.]\n",
      " [-0. -0. -0. -0. -0. -0. -1. -0. -0. -0.]\n",
      " [-0. -0. -0. -0. -0. -0. -0. -1. -0. -0.]\n",
      " [-0. -0. -0. -0. -0. -0. -0. -0. -1. -0.]\n",
      " [-0. -0. -0. -0. -0. -0. -0. -0. -0. -1.]]\n",
      "h: [0. 0. 0. 0. 0. 0. 0. 0. 0. 0.]\n",
      "A: [[ 3.  4.  5.  6.  7.  8.  9. 10. 11. 12.]\n",
      " [ 1.  1.  1.  1.  1.  1.  1.  1.  1.  1.]]\n",
      "b: [3.25 1.  ]\n",
      "Solving for r = 3.5\n",
      "P: [[  4.          -3.78045464   3.47731524  -3.24845066   2.60852349\n",
      "   -2.29861523   2.07241276  -1.82751937   1.84649014  -2.01336344]\n",
      " [ -3.78045464  14.2918373   -9.85937441   8.18708025  -6.16337796\n",
      "    5.21388637  -4.57021975   3.94791663  -3.92657187   4.22857175]\n",
      " [  3.47731524  -9.85937441  27.20637292 -16.9438305   11.33832311\n",
      "   -8.992136     7.56675409  -6.35486097   6.19151301  -6.56353066]\n",
      " [ -3.24845066   8.18708025 -16.9438305   42.20972678 -21.18414963\n",
      "   14.93387632 -11.78122853   9.49857043  -8.99734816   9.34330256]\n",
      " [  2.60852349  -6.16337796  11.33832311 -21.18414963  42.52746745\n",
      "  -22.48496931  15.76731728 -11.91781803  10.83737902 -10.94147046]\n",
      " [ -2.29861523   5.21388637  -8.992136    14.93387632 -22.48496931\n",
      "   47.55268774 -25.00931749  16.80305545 -14.32474993  13.88384358]\n",
      " [  2.07241276  -4.57021975   7.56675409 -11.78122853  15.76731728\n",
      "  -25.00931749  52.61245923 -26.51162123  20.090121   -18.25477531]\n",
      " [ -1.82751937   3.94791663  -6.35486097   9.49857043 -11.91781803\n",
      "   16.80305545 -26.51162123  53.43723297 -30.37046849  24.52973793]\n",
      " [  1.84649014  -3.92657187   6.19151301  -8.99734816  10.83737902\n",
      "  -14.32474993  20.090121   -30.37046849  69.04289802 -41.82362698]\n",
      " [ -2.01336344   4.22857175  -6.56353066   9.34330256 -10.94147046\n",
      "   13.88384358 -18.25477531  24.52973793 -41.82362698 101.34080835]]\n",
      "q: [0. 0. 0. 0. 0. 0. 0. 0. 0. 0.]\n",
      "G: [[-1. -0. -0. -0. -0. -0. -0. -0. -0. -0.]\n",
      " [-0. -1. -0. -0. -0. -0. -0. -0. -0. -0.]\n",
      " [-0. -0. -1. -0. -0. -0. -0. -0. -0. -0.]\n",
      " [-0. -0. -0. -1. -0. -0. -0. -0. -0. -0.]\n",
      " [-0. -0. -0. -0. -1. -0. -0. -0. -0. -0.]\n",
      " [-0. -0. -0. -0. -0. -1. -0. -0. -0. -0.]\n",
      " [-0. -0. -0. -0. -0. -0. -1. -0. -0. -0.]\n",
      " [-0. -0. -0. -0. -0. -0. -0. -1. -0. -0.]\n",
      " [-0. -0. -0. -0. -0. -0. -0. -0. -1. -0.]\n",
      " [-0. -0. -0. -0. -0. -0. -0. -0. -0. -1.]]\n",
      "h: [0. 0. 0. 0. 0. 0. 0. 0. 0. 0.]\n",
      "A: [[ 3.  4.  5.  6.  7.  8.  9. 10. 11. 12.]\n",
      " [ 1.  1.  1.  1.  1.  1.  1.  1.  1.  1.]]\n",
      "b: [3.5 1. ]\n",
      "Solving for r = 3.75\n",
      "P: [[  4.          -3.78045464   3.47731524  -3.24845066   2.60852349\n",
      "   -2.29861523   2.07241276  -1.82751937   1.84649014  -2.01336344]\n",
      " [ -3.78045464  14.2918373   -9.85937441   8.18708025  -6.16337796\n",
      "    5.21388637  -4.57021975   3.94791663  -3.92657187   4.22857175]\n",
      " [  3.47731524  -9.85937441  27.20637292 -16.9438305   11.33832311\n",
      "   -8.992136     7.56675409  -6.35486097   6.19151301  -6.56353066]\n",
      " [ -3.24845066   8.18708025 -16.9438305   42.20972678 -21.18414963\n",
      "   14.93387632 -11.78122853   9.49857043  -8.99734816   9.34330256]\n",
      " [  2.60852349  -6.16337796  11.33832311 -21.18414963  42.52746745\n",
      "  -22.48496931  15.76731728 -11.91781803  10.83737902 -10.94147046]\n",
      " [ -2.29861523   5.21388637  -8.992136    14.93387632 -22.48496931\n",
      "   47.55268774 -25.00931749  16.80305545 -14.32474993  13.88384358]\n",
      " [  2.07241276  -4.57021975   7.56675409 -11.78122853  15.76731728\n",
      "  -25.00931749  52.61245923 -26.51162123  20.090121   -18.25477531]\n",
      " [ -1.82751937   3.94791663  -6.35486097   9.49857043 -11.91781803\n",
      "   16.80305545 -26.51162123  53.43723297 -30.37046849  24.52973793]\n",
      " [  1.84649014  -3.92657187   6.19151301  -8.99734816  10.83737902\n",
      "  -14.32474993  20.090121   -30.37046849  69.04289802 -41.82362698]\n",
      " [ -2.01336344   4.22857175  -6.56353066   9.34330256 -10.94147046\n",
      "   13.88384358 -18.25477531  24.52973793 -41.82362698 101.34080835]]\n",
      "q: [0. 0. 0. 0. 0. 0. 0. 0. 0. 0.]\n",
      "G: [[-1. -0. -0. -0. -0. -0. -0. -0. -0. -0.]\n",
      " [-0. -1. -0. -0. -0. -0. -0. -0. -0. -0.]\n",
      " [-0. -0. -1. -0. -0. -0. -0. -0. -0. -0.]\n",
      " [-0. -0. -0. -1. -0. -0. -0. -0. -0. -0.]\n",
      " [-0. -0. -0. -0. -1. -0. -0. -0. -0. -0.]\n",
      " [-0. -0. -0. -0. -0. -1. -0. -0. -0. -0.]\n",
      " [-0. -0. -0. -0. -0. -0. -1. -0. -0. -0.]\n",
      " [-0. -0. -0. -0. -0. -0. -0. -1. -0. -0.]\n",
      " [-0. -0. -0. -0. -0. -0. -0. -0. -1. -0.]\n",
      " [-0. -0. -0. -0. -0. -0. -0. -0. -0. -1.]]\n",
      "h: [0. 0. 0. 0. 0. 0. 0. 0. 0. 0.]\n",
      "A: [[ 3.  4.  5.  6.  7.  8.  9. 10. 11. 12.]\n",
      " [ 1.  1.  1.  1.  1.  1.  1.  1.  1.  1.]]\n",
      "b: [3.75 1.  ]\n",
      "Solving for r = 4.0\n",
      "P: [[  4.          -3.78045464   3.47731524  -3.24845066   2.60852349\n",
      "   -2.29861523   2.07241276  -1.82751937   1.84649014  -2.01336344]\n",
      " [ -3.78045464  14.2918373   -9.85937441   8.18708025  -6.16337796\n",
      "    5.21388637  -4.57021975   3.94791663  -3.92657187   4.22857175]\n",
      " [  3.47731524  -9.85937441  27.20637292 -16.9438305   11.33832311\n",
      "   -8.992136     7.56675409  -6.35486097   6.19151301  -6.56353066]\n",
      " [ -3.24845066   8.18708025 -16.9438305   42.20972678 -21.18414963\n",
      "   14.93387632 -11.78122853   9.49857043  -8.99734816   9.34330256]\n",
      " [  2.60852349  -6.16337796  11.33832311 -21.18414963  42.52746745\n",
      "  -22.48496931  15.76731728 -11.91781803  10.83737902 -10.94147046]\n",
      " [ -2.29861523   5.21388637  -8.992136    14.93387632 -22.48496931\n",
      "   47.55268774 -25.00931749  16.80305545 -14.32474993  13.88384358]\n",
      " [  2.07241276  -4.57021975   7.56675409 -11.78122853  15.76731728\n",
      "  -25.00931749  52.61245923 -26.51162123  20.090121   -18.25477531]\n",
      " [ -1.82751937   3.94791663  -6.35486097   9.49857043 -11.91781803\n",
      "   16.80305545 -26.51162123  53.43723297 -30.37046849  24.52973793]\n",
      " [  1.84649014  -3.92657187   6.19151301  -8.99734816  10.83737902\n",
      "  -14.32474993  20.090121   -30.37046849  69.04289802 -41.82362698]\n",
      " [ -2.01336344   4.22857175  -6.56353066   9.34330256 -10.94147046\n",
      "   13.88384358 -18.25477531  24.52973793 -41.82362698 101.34080835]]\n",
      "q: [0. 0. 0. 0. 0. 0. 0. 0. 0. 0.]\n",
      "G: [[-1. -0. -0. -0. -0. -0. -0. -0. -0. -0.]\n",
      " [-0. -1. -0. -0. -0. -0. -0. -0. -0. -0.]\n",
      " [-0. -0. -1. -0. -0. -0. -0. -0. -0. -0.]\n",
      " [-0. -0. -0. -1. -0. -0. -0. -0. -0. -0.]\n",
      " [-0. -0. -0. -0. -1. -0. -0. -0. -0. -0.]\n",
      " [-0. -0. -0. -0. -0. -1. -0. -0. -0. -0.]\n",
      " [-0. -0. -0. -0. -0. -0. -1. -0. -0. -0.]\n",
      " [-0. -0. -0. -0. -0. -0. -0. -1. -0. -0.]\n",
      " [-0. -0. -0. -0. -0. -0. -0. -0. -1. -0.]\n",
      " [-0. -0. -0. -0. -0. -0. -0. -0. -0. -1.]]\n",
      "h: [0. 0. 0. 0. 0. 0. 0. 0. 0. 0.]\n",
      "A: [[ 3.  4.  5.  6.  7.  8.  9. 10. 11. 12.]\n",
      " [ 1.  1.  1.  1.  1.  1.  1.  1.  1.  1.]]\n",
      "b: [4. 1.]\n",
      "Solving for r = 4.25\n",
      "P: [[  4.          -3.78045464   3.47731524  -3.24845066   2.60852349\n",
      "   -2.29861523   2.07241276  -1.82751937   1.84649014  -2.01336344]\n",
      " [ -3.78045464  14.2918373   -9.85937441   8.18708025  -6.16337796\n",
      "    5.21388637  -4.57021975   3.94791663  -3.92657187   4.22857175]\n",
